2D/3D Incompressible Flows Numerical Analysis
Starting..
Reading fluid data from "meshcoarse_data.txt"
Reading fluid data from "meshfine_data.txt"
------------------------- TIME STEP = 0 -------------------------
0 0 0.0136281
0 1 0.0136281
0 2 0.0136281
0 3 -0.0545125
0 4 -0.0545125
0 5 -0.0545125
1 0 0.0110632
1 1 0.0110632
1 2 0.0110632
1 3 -0.0442529
1 4 -0.0442529
1 5 -0.0442529
2 0 0.0123457
2 1 0.0123457
2 2 0.0123457
2 3 -0.0493827
2 4 -0.0493827
2 5 -0.0493827
3 0 -0.0493827
3 1 -0.0493827
3 2 -0.0493827
3 3 0.197531
3 4 0.197531
3 5 0.197531
4 0 -0.0545125
4 1 -0.0545125
4 2 -0.0545125
4 3 0.21805
4 4 0.21805
4 5 0.21805
5 0 -0.0442529
5 1 -0.0442529
5 2 -0.0442529
5 3 0.177012
5 4 0.177012
5 5 0.177012
0 0 0.00635641
0 1 -0.0373311
0 2 0.00635641
0 3 -0.0254256
0 4 -0.0254256
0 5 -0.00322948
1 0 -0.0389281
1 1 0.228624
1 2 -0.0389281
1 3 0.155712
1 4 0.155712
1 5 0.0197781
2 0 0.00652357
2 1 -0.0383128
2 2 0.00652357
2 3 -0.0260943
2 4 -0.0260943
2 5 -0.00331441
3 0 -0.0253118
3 1 0.148656
3 2 -0.0253118
3 3 0.101247
3 4 0.101247
3 5 0.0128601
4 0 -0.0262081
4 1 0.15392
4 2 -0.0262081
4 3 0.104832
4 4 0.104832
4 5 0.0133155
5 0 -0.00320056
5 1 0.0187968
5 2 -0.00320056
5 3 0.0128022
5 4 0.0128022
5 5 0.0016261
0 0 0.00586591
0 1 0.00586591
0 2 -0.0344504
0 3 -0.00298027
0 4 -0.0234636
0 5 -0.0234636
1 0 0.00718122
1 1 0.00718122
1 2 -0.0421752
1 3 -0.00364854
1 4 -0.0287249
1 5 -0.0287249
2 0 -0.0383128
2 1 -0.0383128
2 2 0.22501
2 3 0.0194655
2 4 0.153251
2 5 0.153251
3 0 -0.00331441
3 1 -0.00331441
3 2 0.0194655
3 3 0.00168394
3 4 0.0132576
3 5 0.0132576
4 0 -0.0296207
4 1 -0.0296207
4 2 0.173962
4 3 0.0150493
4 4 0.118483
4 5 0.118483
5 0 -0.0225678
5 1 -0.0225678
5 2 0.13254
5 3 0.0114659
5 4 0.0902712
5 5 0.0902712
0 0 0.222443
0 1 -0.0378756
0 2 -0.0378756
0 3 0.151502
0 4 0.0192433
0 5 0.151502
1 0 -0.0390104
1 1 0.00664234
1 2 0.00664234
1 3 -0.0265694
1 4 -0.00337475
1 5 -0.0265694
2 0 -0.0383128
2 1 0.00652357
2 2 0.00652357
2 3 -0.0260943
2 4 -0.00331441
2 5 -0.0260943
3 0 0.156517
3 1 -0.0266503
3 2 -0.0266503
3 3 0.106601
3 4 0.0135401
3 5 0.106601
4 0 0.0199405
4 1 -0.0033953
4 2 -0.0033953
4 3 0.0135812
4 4 0.00172504
4 5 0.0135812
5 0 0.152776
5 1 -0.0260134
5 2 -0.0260134
5 3 0.104053
5 4 0.0132165
5 5 0.104053
0 0 -0.00038857
0 1 -0.00020746
0 2 -0.00020746
0 3 0.000829842
0 4 0.00653333
0 5 0.000829842
1 0 -0.00217219
1 1 -0.00115975
1 2 -0.00115975
1 3 0.004639
1 4 0.0365227
1 5 0.004639
2 0 0.00147629
2 1 0.000788202
2 2 0.000788202
2 3 -0.00315281
2 4 -0.024822
2 5 -0.00315281
3 0 0.000896958
3 1 0.000478893
3 2 0.000478893
3 3 -0.00191557
3 4 -0.0150813
3 5 -0.00191557
4 0 -0.054283
4 1 -0.0289821
4 2 -0.0289821
4 3 0.115928
4 4 0.912703
4 5 0.115928
5 0 0.00188665
5 1 0.0010073
5 2 0.0010073
5 3 -0.00402918
5 4 -0.0317217
5 5 -0.00402918
0 0 0.00102879
0 1 0.0019269
0 2 0.00102879
0 3 -0.00411516
0 4 -0.00411516
0 5 -0.0323986
1 0 0.00168425
1 1 0.00315456
1 2 0.00168425
1 3 -0.00673698
1 4 -0.00673698
1 5 -0.0530402
2 0 0.000788202
2 1 0.00147629
2 2 0.000788202
2 3 -0.00315281
2 4 -0.00315281
2 5 -0.024822
3 0 -0.00360135
3 1 -0.00674527
3 2 -0.00360135
3 3 0.0144054
3 4 0.0144054
3 5 0.113414
4 0 -0.00366661
4 1 -0.00686751
4 2 -0.00366661
4 3 0.0146665
4 4 0.0146665
4 5 0.115469
5 0 -0.0243082
5 1 -0.0455289
5 2 -0.0243082
5 3 0.0972329
5 4 0.0972329
5 5 0.765513
0 0 0.00083104
0 1 0.00083104
0 2 0.00155652
0 3 -0.026171
0 4 -0.00332416
0 5 -0.00332416
1 0 0.000745365
1 1 0.000745365
1 2 0.00139606
1 3 -0.023473
1 4 -0.00298146
1 5 -0.00298146
2 0 0.00147629
2 1 0.00147629
2 2 0.00276507
2 3 -0.0464912
2 4 -0.00590516
2 5 -0.00590516
3 0 -0.024822
3 1 -0.024822
3 2 -0.0464912
3 3 0.781693
3 4 0.0992881
3 5 0.0992881
4 0 -0.00316443
4 1 -0.00316443
4 2 -0.00592692
4 3 0.099654
4 4 0.0126577
4 5 0.0126577
5 0 -0.00314119
5 1 -0.00314119
5 2 -0.0058834
5 3 0.0989221
5 4 0.0125648
5 5 0.0125648
Iteration = 0 (1)   Du Norm = 3.081975e+01 7.065175e+01 0.000000e+00  Time (s) = 0.207000
Accumulated time = 0.207000
