Number of Time Steps   = 100000
Printing Frequence     = 1
Thickness of glue zone   = 0.2
Epsilon from Arlequin formulation   = 0.01
Arlequin k1   = 1
Arlequin k2   = 0
Undisturbed Velocity x = 0
Undisturbed Velocity y = 0
Undisturbed Velocity z = 0
Undisturbed Pressure   = 0
Undisturbed Density    = 1
Undisturbed Viscosity  = 0.1
Time Step              = 0.1
Time Integration Scheme= 0
Field Forces x         = 0
Field Forces y         = 0
Field Forces z         = 0

Compute Drag and Lift  = 0
Number of Lines  = 0
PrintVelocity              = 1
PrintRealVelocity          = 1
PrintPressure              = 1
PrintRealPressure          = 1
PrintMeshVelocity          = 0
PrintMeshDisplacement      = 0
printDistFunction          = 1
printGlueZone              = 1
printEnergyWeightFunction  = 1
printLagrangeMultipliers   = 1
printNodalCorrespondence   = 1
PrintProcess               = 0

Total number of Control Points 252
Number of patches 1
Data in the 0 PATCH
Number of control points 252
0 0 0 1
0.05 0 0 1
0.15 0 0 1
0.25 0 0 1
0.35 0 0 1
0.45 0 0 1
0.55 0 0 1
0.65 0 0 1
0.75 0 0 1
0.85 0 0 1
0.95 0 0 1
1 0 0 1
0 0.05 0 1
0.05 0.05 0 1
0.15 0.05 0 1
0.25 0.05 0 1
0.35 0.05 0 1
0.45 0.05 0 1
0.55 0.05 0 1
0.65 0.05 0 1
0.75 0.05 0 1
0.85 0.05 0 1
0.95 0.05 0 1
1 0.05 0 1
0 0.15 0 1
0.05 0.15 0 1
0.15 0.15 0 1
0.25 0.15 0 1
0.35 0.15 0 1
0.45 0.15 0 1
0.55 0.15 0 1
0.65 0.15 0 1
0.75 0.15 0 1
0.85 0.15 0 1
0.95 0.15 0 1
1 0.15 0 1
0 0.25 0 1
0.05 0.25 0 1
0.15 0.25 0 1
0.25 0.25 0 1
0.35 0.25 0 1
0.45 0.25 0 1
0.55 0.25 0 1
0.65 0.25 0 1
0.75 0.25 0 1
0.85 0.25 0 1
0.95 0.25 0 1
1 0.25 0 1
0 0.35 0 1
0.05 0.35 0 1
0.15 0.35 0 1
0.25 0.35 0 1
0.35 0.35 0 1
0.45 0.35 0 1
0.55 0.35 0 1
0.65 0.35 0 1
0.75 0.35 0 1
0.85 0.35 0 1
0.95 0.35 0 1
1 0.35 0 1
0 0.45 0 1
0.05 0.45 0 1
0.15 0.45 0 1
0.25 0.45 0 1
0.35 0.45 0 1
0.45 0.45 0 1
0.55 0.45 0 1
0.65 0.45 0 1
0.75 0.45 0 1
0.85 0.45 0 1
0.95 0.45 0 1
1 0.45 0 1
0 0.5 0 1
0.05 0.5 0 1
0.15 0.5 0 1
0.25 0.5 0 1
0.35 0.5 0 1
0.45 0.5 0 1
0.55 0.5 0 1
0.65 0.5 0 1
0.75 0.5 0 1
0.85 0.5 0 1
0.95 0.5 0 1
1 0.5 0 1
0 0 0.05 1
0.05 0 0.05 1
0.15 0 0.05 1
0.25 0 0.05 1
0.35 0 0.05 1
0.45 0 0.05 1
0.55 0 0.05 1
0.65 0 0.05 1
0.75 0 0.05 1
0.85 0 0.05 1
0.95 0 0.05 1
1 0 0.05 1
0 0.05 0.05 1
0.05 0.05 0.05 1
0.15 0.05 0.05 1
0.25 0.05 0.05 1
0.35 0.05 0.05 1
0.45 0.05 0.05 1
0.55 0.05 0.05 1
0.65 0.05 0.05 1
0.75 0.05 0.05 1
0.85 0.05 0.05 1
0.95 0.05 0.05 1
1 0.05 0.05 1
0 0.15 0.05 1
0.05 0.15 0.05 1
0.15 0.15 0.05 1
0.25 0.15 0.05 1
0.35 0.15 0.05 1
0.45 0.15 0.05 1
0.55 0.15 0.05 1
0.65 0.15 0.05 1
0.75 0.15 0.05 1
0.85 0.15 0.05 1
0.95 0.15 0.05 1
1 0.15 0.05 1
0 0.25 0.05 1
0.05 0.25 0.05 1
0.15 0.25 0.05 1
0.25 0.25 0.05 1
0.35 0.25 0.05 1
0.45 0.25 0.05 1
0.55 0.25 0.05 1
0.65 0.25 0.05 1
0.75 0.25 0.05 1
0.85 0.25 0.05 1
0.95 0.25 0.05 1
1 0.25 0.05 1
0 0.35 0.05 1
0.05 0.35 0.05 1
0.15 0.35 0.05 1
0.25 0.35 0.05 1
0.35 0.35 0.05 1
0.45 0.35 0.05 1
0.55 0.35 0.05 1
0.65 0.35 0.05 1
0.75 0.35 0.05 1
0.85 0.35 0.05 1
0.95 0.35 0.05 1
1 0.35 0.05 1
0 0.45 0.05 1
0.05 0.45 0.05 1
0.15 0.45 0.05 1
0.25 0.45 0.05 1
0.35 0.45 0.05 1
0.45 0.45 0.05 1
0.55 0.45 0.05 1
0.65 0.45 0.05 1
0.75 0.45 0.05 1
0.85 0.45 0.05 1
0.95 0.45 0.05 1
1 0.45 0.05 1
0 0.5 0.05 1
0.05 0.5 0.05 1
0.15 0.5 0.05 1
0.25 0.5 0.05 1
0.35 0.5 0.05 1
0.45 0.5 0.05 1
0.55 0.5 0.05 1
0.65 0.5 0.05 1
0.75 0.5 0.05 1
0.85 0.5 0.05 1
0.95 0.5 0.05 1
1 0.5 0.05 1
0 0 0.1 1
0.05 0 0.1 1
0.15 0 0.1 1
0.25 0 0.1 1
0.35 0 0.1 1
0.45 0 0.1 1
0.55 0 0.1 1
0.65 0 0.1 1
0.75 0 0.1 1
0.85 0 0.1 1
0.95 0 0.1 1
1 0 0.1 1
0 0.05 0.1 1
0.05 0.05 0.1 1
0.15 0.05 0.1 1
0.25 0.05 0.1 1
0.35 0.05 0.1 1
0.45 0.05 0.1 1
0.55 0.05 0.1 1
0.65 0.05 0.1 1
0.75 0.05 0.1 1
0.85 0.05 0.1 1
0.95 0.05 0.1 1
1 0.05 0.1 1
0 0.15 0.1 1
0.05 0.15 0.1 1
0.15 0.15 0.1 1
0.25 0.15 0.1 1
0.35 0.15 0.1 1
0.45 0.15 0.1 1
0.55 0.15 0.1 1
0.65 0.15 0.1 1
0.75 0.15 0.1 1
0.85 0.15 0.1 1
0.95 0.15 0.1 1
1 0.15 0.1 1
0 0.25 0.1 1
0.05 0.25 0.1 1
0.15 0.25 0.1 1
0.25 0.25 0.1 1
0.35 0.25 0.1 1
0.45 0.25 0.1 1
0.55 0.25 0.1 1
0.65 0.25 0.1 1
0.75 0.25 0.1 1
0.85 0.25 0.1 1
0.95 0.25 0.1 1
1 0.25 0.1 1
0 0.35 0.1 1
0.05 0.35 0.1 1
0.15 0.35 0.1 1
0.25 0.35 0.1 1
0.35 0.35 0.1 1
0.45 0.35 0.1 1
0.55 0.35 0.1 1
0.65 0.35 0.1 1
0.75 0.35 0.1 1
0.85 0.35 0.1 1
0.95 0.35 0.1 1
1 0.35 0.1 1
0 0.45 0.1 1
0.05 0.45 0.1 1
0.15 0.45 0.1 1
0.25 0.45 0.1 1
0.35 0.45 0.1 1
0.45 0.45 0.1 1
0.55 0.45 0.1 1
0.65 0.45 0.1 1
0.75 0.45 0.1 1
0.85 0.45 0.1 1
0.95 0.45 0.1 1
1 0.45 0.1 1
0 0.5 0.1 1
0.05 0.5 0.1 1
0.15 0.5 0.1 1
0.25 0.5 0.1 1
0.35 0.5 0.1 1
0.45 0.5 0.1 1
0.55 0.5 0.1 1
0.65 0.5 0.1 1
0.75 0.5 0.1 1
0.85 0.5 0.1 1
0.95 0.5 0.1 1
1 0.5 0.1 1
 Number of Control Points x: 12 Function Degree: 2
 Number of Control Points y: 7 Function Degree: 2
 Number of Control Points z: 3 Function Degree: 2
uKnot 
0
0
0
0.1
0.2
0.3
0.4
0.5
0.6
0.7
0.8
0.9
1
1
1
vKnot 
0
0
0
0.2
0.4
0.6
0.8
1
1
1
tKnot 
0
0
0
1
1
1
Number of Boundary groups (IA MESH) = 1
Number of Boundary Elements (IA MESH)= 130
